0194712958
0963176224
0103651562
0384710162
0953786683
0081145465
0283580923
0564692186
0668425748
0984149203
0352523686
0820714284
0826810393
0826810393082681039308268103930165473054
0949997782
0792863727
0359824838
0779635450
0782965951
0972736946
0073707568
0324050773
0379837730
0335939913
0545261118
0618590654
0363931049
0236887221
0439791850
0814463543
0067682705
0217768725
0666239654
0343784200
0569583523
0322661649
0784318062
0790440226
0800592993
0474735792
0283044218
0475673992
0821445749
0135100912
0938118988
0294278028
0076285084
0310673699
0937273583
